0.511873
0.551826
0.592747
0.565877
0.558258
0.476066
0.464978
0.468027
0.536751
0.499042
0.480151
0.466814
0.439829
0.495877
0.483789
0.47615
0.489591
0.520309
0.469761
0.452746
0.426623
0.472232
0.482767
0.50376
0.490502
0.510132
0.491309
0.499599
0.474781
0.46381
0.475599
0.452021
0.501023
0.496143
0.45764
0.479022
0.462296
0.471262
0.488079
0.479716
0.494778
0.465523
0.464719
0.463272
0.476784
0.476011
0.477677
0.484818
0.46613
0.473857
0.453944
0.44697
0.454676
0.420144
0.447151
0.492803
0.473692
0.479918
0.452043
0.443638
0.465799
0.428107
0.448917
0.497063
0.41805
0.434453
0.477708
0.464475
0.474796
0.435004
0.42889
0.472549
0.439665
0.467189
0.415647
0.392838
0.370735
0.412547
0.390829
0.408358
0.420033
0.443821
0.494385
0.458883
0.484219
0.427305
0.397206
0.405477
0.409161
0.402598
0.413168
0.416845
0.411499
0.392404
0.377666
0.39997
0.403156
0.424304
0.386259
0.396141
0.409391
0.402949
0.41798
0.373398
0.384355
0.378539
0.418687
0.401493
0.372664
0.367193
0.353712
0.383251
0.372607
0.356241
0.344324
0.350678
0.350943
0.350427
0.37178
0.372415
0.379033
0.388254
0.383569
0.39007
0.385669
0.362678
0.356471
0.356196
0.348257
0.358953
0.373758
0.366658
0.360091
0.376627
0.369746
0.400182
0.398846
0.369547
0.386001
0.398291
0.382673
0.373466
0.383767
0.398292
0.391297
0.385948
0.401928
0.404273
0.395898
0.390869
0.433023
0.407386
0.405631
0.376467
0.371951
0.372318
0.353865
0.349436
0.36402
0.369192
0.382542
0.385095
0.375462
0.379133
0.348539
0.349419
0.343855
0.35165
0.350344
0.341023
0.345842
0.356085
0.364691
0.378673
0.394998
0.426257
0.463258
0.470121
0.420932
0.406215
0.444475
0.432018
0.418493
0.401671
0.414457
0.393864
0.421343
0.414333
0.437645
0.411951
0.385982
0.373301
0.412143
0.410531
0.412476
0.417899
0.439421
0.458082
0.446541
0.413123
0.410628
0.478054
0.454743
0.516553
0.451528
0.506458
0.47036
0.407201
0.410172
0.378939
0.389483
0.465795
0.430441
0.455688
0.419993
0.403095
0.377407
0.371371
0.394951
0.415009
0.42083
0.414719
0.399804
0.424111
0.409541
0.401295
0.382773
0.379121
0.381786
0.380433
0.405549
0.377695
0.384021
0.394509
0.389738
0.392078
0.431113
0.401405
0.391402
0.41577
0.403894
0.396258
0.410516
0.409194
0.407699
0.409265
0.444452
0.418146
0.427407
0.414188
0.402715
0.399849
0.393794
0.384095
0.363537
0.367262
0.357301
0.356045
0.340322
0.342862
0.339731
0.336055
0.338274
0.340701
0.344787
0.354892
0.372493
0.366937
0.352153
0.341055
0.339169
0.347234
0.344597
0.357421
0.364992
0.365414
0.353881
0.361554
0.40265
0.412681
0.508055
0.474827
0.455047
0.466585
0.458058
0.48047
0.465937
0.478392
0.448404
0.427382
0.403114
0.448456
0.401414
0.420326
0.406545
0.428905
0.403733
0.428708
0.436242
0.408763
0.419576
0.411422
0.392915
0.367662
0.366815
0.362188
0.385954
0.368423
0.383205
0.385493
0.369524
0.394701
0.400642
0.396409
0.390561
0.413495
0.402274
0.451584
0.420359
0.405569
0.422493
0.458316
0.455945
0.413226
0.512904
0.476613
0.441713
0.435787
0.447523
0.436982
0.414144
0.417392
0.41779
0.402547
0.411061
0.440543
0.434202
0.431104
0.419896
0.406708
0.383138
0.377773
0.35878
0.377522
0.401586
0.397881
0.395232
0.405158
0.401016
0.395922
0.412128
0.42229
0.4388
0.428484
0.4121
0.433934
0.386616
0.397807
0.434089
0.444544
0.473046
0.44386
0.459301
0.467091
0.449468
0.379396
0.382983
0.409634
0.400359
0.403982
0.419036
0.403777
0.443145
0.43131
0.45295
0.484202
0.480959
0.433804
0.451281
0.40126
0.383703
0.353572
0.3615
0.393747
0.395801
0.455639
0.422178
0.38808
0.386824
0.396981
0.386306
0.398813
0.438674
0.463692
0.40473
0.384713
0.365889
0.382074
0.447671
0.44411
0.397006
0.487858
0.426164
0.460206
0.488289
0.441398
0.423295
0.447734
0.431921
0.425033
0.429666
0.450071
0.393143
0.402028
0.40551
0.403541
0.378311
0.361733
0.355372
0.372379
0.405823
0.392278
0.407872
0.424745
0.400955
0.39701
0.382672
0.348746
0.363981
0.430894
0.430004
0.471911
0.399193
0.38977
0.444499
0.41226
0.443119
0.429509
0.464612
0.419536
0.4034
0.39181
0.364859
0.358704
0.355434
0.356141
0.348212
0.364813
0.364353
0.397454
0.405004
0.410295
0.395065
0.386843
0.361346
0.356112
0.354481
0.368448
0.382703
0.375239
0.417272
0.424635
0.409943
0.426643
0.391414
0.376254
0.388048
0.423857
0.442245
0.419959
0.396841
0.375688
0.387242
0.397708
0.402479
0.41374
0.431124
0.436812
0.435985
0.475976
0.400388
0.433553
0.426428
0.458348
0.446005
0.4003
0.372011
0.364398
0.347569
0.352126
0.345581
0.373986
0.37988
0.391781
0.383266
0.356913
0.358914
0.350313
0.352784
0.352399
0.37907
0.399575
0.46148
0.467663
0.41633
0.426301
0.406358
0.447435
0.446705
0.410398
0.442797
0.40439
0.416171
0.43676
0.445705
0.42709
0.413274
0.388561
0.36335
0.358182
0.396332
0.425788
0.437497
0.429106
0.395042
0.381003
0.39354
0.4347
0.453981
0.428155
0.435737
0.425752
0.43584
0.392198
0.377035
0.363345
0.360514
0.362172
0.368273
0.402812
0.409316
0.440404
0.454169
0.406967
0.510247
0.483148
0.432135
0.400255
0.364411
0.357619
0.378323
0.389779
0.365764
0.368201
0.386883
0.475012
0.451976
0.466064
0.445603
0.409511
0.453281
0.425553
0.413686
0.389378
0.408897
0.434368
0.406232
0.395498
0.418762
0.390479
0.374334
0.376568
0.378268
0.364579
0.358408
0.350156
0.345911
0.353605
0.347703
0.359737
0.365655
0.371102
0.3751
0.37335
0.360198
0.353191
0.35211
0.366913
0.385938
0.362809
0.398072
0.404312
0.374059
0.382194
0.387338
0.393533
0.407862
0.38311
0.372561
0.355474
0.355848
0.343181
0.346117
0.378324
0.365206
0.378194
0.393644
0.409616
0.392016
0.390439
0.389623
0.377201
0.361468
0.370464
0.353565
0.358633
0.363157
0.363514
0.363758
0.368009
0.353578
0.358265
0.366388
0.393717
0.396591
0.392053
0.388106
0.40094
0.408813
0.397888
0.424905
0.407463
0.40547
0.399666
0.414214
0.380223
0.390032
0.413973
0.392154
0.395328
0.389722
0.382311
0.376021
0.370772
0.361975
0.36031
0.371901
0.364328
0.371862
0.376773
0.355464
0.337931
0.342141
0.346975
0.359847
0.37094
0.351725
0.360512
0.351057
0.356408
0.375125
0.393151
0.388033
0.395968
0.363693
0.349326
0.336887
0.340627
0.340899
0.348901
0.381371
0.383754
0.385237
0.409776
0.380947
0.356539
0.37582
0.394956
0.399015
0.420074
0.395858
0.433278
0.394131
0.409729
0.401274
0.375389
0.377218
0.431794
0.400305
0.403258
0.416982
0.400631
0.365539
0.365655
0.373561
0.363175
0.358285
0.347943
0.345709
0.365146
0.362941
0.355119
0.376739
0.390673
0.406583
0.451248
0.422735
0.440232
0.484449
0.468737
0.508466
0.415761
0.382463
0.384953
0.388842
0.401255
0.406896
0.389679
0.419257
0.401136
0.37468
0.370433
0.377833
0.403776
0.409385
0.383711
0.376999
0.399651
0.413175
0.422391
0.459583
0.458574
0.478077
0.471376
0.430209
0.436315
0.451869
0.464481
0.465252
0.452055
0.43834
0.472795
0.490193
0.487188
0.496957
0.487442
0.54294
0.502753
0.508061
0.372187
0.364059
0.36551
0.371658
0.381075
0.393622
0.394158
0.405868
0.432401
0.391841
0.374867
0.372055
0.377113
0.392778
0.433298
0.438365
0.465512
0.484228
0.470404
0.441195
0.410222
0.483144
0.519685
0.460533
0.489695
0.44683
0.407372
0.427696
0.402043
0.366948
0.386161
0.369665
0.363798
0.390736
0.375613
0.36415
0.367508
0.361135
0.379591
0.390914
0.410664
0.376063
0.382395
0.390152
0.380608
0.383312
0.400285
0.371456
0.376352
0.367166
0.365921
0.378911
0.391093
0.40116
0.429813
0.43492
0.391963
0.39983
0.372598
0.358098
0.364283
0.387451
0.415378
0.433468
0.45189
0.431343
0.430828
0.400005
0.419269
0.408196
0.407557
0.452398
0.434129
0.4177
0.421422
0.439881
0.439465
0.432654
0.467653
0.464245
0.447444
0.486579
0.49443
0.512627
0.47615
0.425977
0.494903
0.496571
0.449486
0.43892
0.424149
0.417199
0.424336
0.39501
0.410876
0.414579
0.43423
0.441107
0.390856
0.406462
0.384556
0.385361
0.406443
0.402459
0.40219
0.388508
0.396986
0.415401
0.394822
0.397524
0.412052
0.418506
0.387407
0.385485
0.381296
0.39658
0.407805
0.378306
0.376008
0.408648
0.426702
0.449457
0.425096
0.410074
0.376399
0.367725
0.404489
0.358714
0.356225
0.357855
0.362771
0.364927
0.352649
0.348775
0.346652
0.350906
0.357861
0.363551
0.354426
0.335612
0.341289
0.341101
0.352074
0.337805
0.346895
0.353196
0.361384
0.36334
0.359815
0.350401
0.351773
0.377224
0.35846
0.340824
0.346678
0.351713
0.35431
0.35722
0.373144
0.383492
0.373818
0.390479
0.386315
0.380126
0.399044
0.367968
0.350817
0.342807
0.350483
0.354385
0.359203
0.363893
0.36312
0.380059
0.382694
0.391957
0.373978
0.393519
0.354599
0.365382
0.37399
0.39506
0.385196
0.402256
0.395063
0.394368
0.35077
0.380037
0.380066
0.369176
0.37013
0.369827
0.361371
0.389513
0.417701
0.396097
0.399102
0.378855
0.393051
0.400563
0.470637
0.434184
0.427326
0.446919
0.427694
0.477712
0.487868
0.482785
0.446724
0.494487
0.488838
0.436341
0.388332
0.389273
0.388068
0.385163
0.393932
0.442325
0.430936
0.447543
0.415661
0.40936
0.400413
0.394507
0.407008
0.432411
0.426506
0.422906
0.420747
0.420423
0.420212
0.391535
0.39652
0.397403
0.379757
0.353995
0.348699
0.351132
0.368474
0.351037
0.364814
0.35595
0.364652
0.394899
0.394574
0.389146
0.41145
0.374918
0.362965
0.372334
0.384427
0.376051
0.364546
0.384106
0.401515
0.399766
0.390929
0.386628
0.365131
0.394235
0.385142
0.414986
0.381643
0.383888
0.366516
0.350361
0.345393
0.342914
0.352858
0.343626
0.344436
0.348946
0.345093
0.360953
0.364658
0.369554
0.360018
0.372748
0.402783
0.412456
0.394532
0.396465
0.400559
0.375722
0.358554
0.35536
0.35745
0.350168
0.355912
0.359327
0.398609
0.403153
0.362449
0.384706
0.401885
0.381094
0.375995
0.371177
0.392845
0.381439
0.409144
0.438321
0.488318
0.42531
0.420465
0.43496
0.432775
0.415246
0.421849
0.383644
0.3919
0.374818
0.37756
0.367326
0.370132
0.366029
0.383847
0.39663
0.419449
0.464336
0.471733
0.464621
0.45651
0.418193
0.44699
0.453687
0.549375
0.552404
0.492327
0.481345
0.540241
0.456656
0.43875
0.463915
0.50651
0.492433
0.531294
0.518701
0.522036
0.466297
0.429844
0.396158
0.391082
0.36793
0.378555
0.39549
0.399549
0.385809
0.391853
0.408759
0.410956
0.402564
0.422736
0.380615
0.373448
0.360813
0.367206
0.363836
0.382147
0.373525
0.380601
0.387239
0.367143
0.387932
0.412338
0.426166
0.435899
0.426832
0.38791
0.3743
0.354738
0.356609
0.345024
0.343099
0.35034
0.357378
0.354516
0.349377
0.343645
0.347909
0.348233
0.343863
0.343161
0.346242
0.357778
0.366712
0.381384
0.420469
0.421388
0.402237
0.422754
0.42884
0.419588
0.407398
0.403568
0.374675
0.356785
0.356449
0.36224
0.353038
0.351104
0.35865
0.362745
0.379442
0.391504
0.388628
0.414092
0.395555
0.414355
0.408513
0.395962
0.390764
0.414754
0.421306
0.371667
0.359435
0.341338
0.346246
0.348241
0.352827
0.352412
0.356556
0.35469
0.347272
0.339364
0.344784
0.349951
0.339826
0.349152
0.350913
0.374375
0.367609
0.370445
0.353801
0.349858
0.387412
0.385847
0.367668
0.365822
0.380036
0.373188
0.369142
0.384468
0.393116
0.407594
0.413057
0.419364
0.384861
0.396824
0.365245
0.355462
0.372789
0.3593
0.386904
0.394004
0.417057
0.413914
0.376609
0.385607
0.372085
0.368866
0.373047
0.393747
0.392351
0.405706
0.387369
0.376549
0.359263
0.352424
0.350454
0.355728
0.346371
0.344724
0.355523
0.375554
0.373816
0.371618
0.362035
0.352565
0.355363
0.355552
0.377125
0.398852
0.385189
0.37918
0.362863
0.365182
0.361676
0.38761
0.373455
0.359293
0.352874
0.367058
0.368777
0.367426
0.362313
0.369782
0.399488
0.399848
0.378856
0.39479
0.399497
0.359411
0.353719
0.384299
0.391274
0.367783
0.365137
0.36087
0.343313
0.342339
0.343756
0.343262
0.346392
0.363211
0.390859
0.378417
0.363086
0.36915
0.378206
0.384307
0.371937
0.381479
0.383973
0.36055
0.356708
0.354577
0.352109
0.348457
0.368317
0.386521
0.401508
0.380608
0.362115
0.350752
0.344913
0.345519
0.358518
0.34464
0.346551
0.34599
0.344548
0.344634
0.340795
0.34179
0.354025
0.35341
0.358426
0.383484
0.413022
0.420115
0.400365
0.393001
0.371393
0.366331
0.36796
0.384143
0.374495
0.375786
0.393501
0.403038
0.37539
0.376994
0.408556
0.37909
0.376158
0.356762
0.383761
0.362747
0.406575
0.427554
0.395083
0.416137
0.41004
0.387591
0.381066
0.369654
0.365245
0.3588
0.35603
0.357037
0.373338
0.396355
0.383816
0.363363
0.345638
0.345874
0.338549
0.348945
0.372767
0.365597
0.353476
0.402359
0.382099
0.355332
0.351164
0.352797
0.357028
0.381882
0.403585
0.391202
0.387089
0.349814
0.351402
0.353148
0.365551
0.392337
0.383238
0.366984
0.35781
0.361408
0.363575
0.368068
0.374016
0.365093
0.35075
0.349323
0.361648
0.35251
0.367535
0.373505
0.38425
0.391235
0.418197
0.426971
0.432318
0.436477
0.417539
0.411487
0.419969
0.397469
0.385675
0.417278
0.381689
0.421955
0.518349
0.550218
0.512185
0.455812
0.445659
0.448819
0.417837
0.389425
0.419141
0.418
0.436348
0.436579
0.403957
0.401256
0.383856
0.394825
0.407313
0.438084
0.434668
0.391537
0.366094
0.355874
0.362468
0.395454
0.434753
0.418086
0.389511
0.3964
0.432454
0.423094
0.365705
0.355318
0.349049
0.347655
0.35233
0.357455
0.353052
0.352454
0.357796
0.349407
0.353214
0.348394
0.350771
0.3531
0.341015
0.347089
0.345826
0.347282
0.34901
0.34635
0.35333
0.367734
0.415597
0.437299
0.41116
0.392975
0.394662
0.413296
0.382223
0.391984
0.390808
0.39325
0.412705
0.415491
0.379797
0.36953
0.375243
0.389488
0.375829
0.374423
0.401516
0.403876
0.366426
0.364022
0.352528
0.376919
0.366093
0.345958
0.353623
0.381529
0.385108
0.390385
0.411961
0.396003
0.413571
0.409119
0.408821
0.380359
0.380115
0.384722
0.371111
0.371323
0.386848
0.392235
0.411379
0.398526
0.368599
0.363594
0.376858
0.376425
0.372816
0.395379
0.3932
0.387548
0.389989
0.400503
0.415647
0.391618
0.410148
0.392875
0.422604
0.400887
0.409961
0.394428
0.386452
0.412976
0.422282
0.398809
0.38402
0.417237
0.397349
0.427213
0.395434
0.388628
0.386922
0.391224
0.365145
0.369444
0.354656
0.345334
0.342821
0.348303
0.357107
0.367175
0.362469
0.373258
0.364158
0.356084
0.36676
0.36899
0.386122
0.348025
0.34633
0.366269
0.376894
0.366665
0.368673
0.37717
0.391075
0.390508
0.384176
0.366808
0.367619
0.3803
0.353241
0.35867
0.352299
0.349628
0.359559
0.366604
0.366616
0.366061
0.34478
0.342259
0.342213
0.345223
0.350282
0.376742
0.373486
0.378829
0.370761
0.379724
0.374161
0.366822
0.379327
0.382006
0.399732
0.413721
0.382478
0.37512
0.387037
0.388385
0.384578
0.396027
0.358063
0.354061
0.375964
0.386923
0.374569
0.359132
0.352755
0.35143
0.371597
0.392811
0.388059
0.368047
0.394136
0.390977
0.365828
0.377216
0.422174
0.384483
0.382074
0.371612
0.36526
0.358247
0.362104
0.387363
0.392159
0.451107
0.438229
0.457662
0.458952
0.458037
0.465782
0.43377
0.405108
0.4119
0.420173
0.440624
0.445793
0.488124
0.4385
0.409515
0.435062
0.466261
0.44484
0.404069
0.391854
0.378712
0.365003
0.380693
0.411114
0.397164
0.39161
0.378254
0.376166
0.424426
0.46249
0.486662
0.446088
0.454122
0.41535
0.382722
0.380791
0.41071
0.438067
0.43599
0.394084
0.380882
0.394176
0.432274
0.420765
0.398819
0.39912
0.417688
0.444177
0.399309
0.365351
0.354123
0.365246
0.374465
0.376242
0.357421
0.356518
0.362065
0.367076
0.379113
0.381154
0.396218
0.444058
0.450767
0.412531
0.436849
0.461597
0.405229
0.442709
0.472045
0.473619
0.461347
0.43348
0.435395
0.423114
0.460416
0.506453
0.477013
0.493562
0.477088
0.494039
0.478197
0.449784
0.432024
0.433919
0.449235
0.401363
0.439955
0.464827
0.432003
0.427343
0.424213
0.432601
0.408922
0.451266
0.435517
0.41354
0.371677
0.370707
0.379487
0.430852
0.419902
0.407418
0.395854
0.399789
0.42564
0.428063
0.430405
0.443361
0.421204
0.428334
0.40608
0.419087
0.414294
0.372892
0.385089
0.411894
0.39215
0.40573
0.414304
0.375257
0.371023
0.369427
0.397876
0.412078
0.396977
0.405092
0.408536
0.418225
0.397277
0.411676
0.409606
0.440041
0.473921
0.473392
0.481221
0.413329
0.503064
0.50881
0.452711
0.476044
0.435143
0.468791
0.461816
0.44485
0.412218
0.42588
0.424136
0.44196
0.467181
0.450527
0.488573
0.443369
0.482192
0.493009
0.476487
0.394287
0.398481
0.408757
0.387828
0.402707
0.374212
0.355274
0.356024
0.367752
0.356081
0.372371
0.373829
0.387429
0.42208
0.419007
0.394872
0.358858
0.361662
0.351605
0.361313
0.383015
0.382093
0.348515
0.352838
0.37995
0.373662
0.35357
0.339317
0.344202
0.348258
0.345604
0.336937
0.350854
0.350044
0.352865
0.36721
0.371177
0.390544
0.372789
0.357514
0.368997
0.417968
0.385387
0.361705
0.376028
0.38249
0.367146
0.357424
0.366738
0.363136
0.367577
0.384336
0.37326
0.360532
0.35522
0.373516
0.383061
0.377721
0.381781
0.375884
0.387798
0.396326
0.383537
0.387439
0.401233
0.39246
0.392032
0.424658
0.411644
0.387457
0.367242
0.353026
0.347999
0.357181
0.343514
0.344426
0.344664
0.346179
0.35168
0.365985
0.378169
0.357073
0.354169
0.377297
0.398351
0.381764
0.361654
0.363868
0.343721
0.341709
0.341211
0.346242
0.357414
0.378854
0.396129
0.40061
0.399964
0.431289
0.413997
0.419677
0.409705
0.406271
0.40725
0.419336
0.40375
0.406797
0.373638
0.359816
0.388142
0.376852
0.356478
0.36094
0.374696
0.371346
0.382655
0.38373
0.391033
0.390432
0.370049
0.345505
0.35487
0.37636
0.359939
0.376843
0.353407
0.36314
0.358233
0.377213
0.393397
0.378357
0.35971
0.373039
0.354869
0.358778
0.359372
0.374766
0.385058
0.384909
0.391538
0.380347
0.377743
0.377116
0.379058
0.409579
0.39857
0.378966
0.385111
0.396009
0.401706
0.405166
0.410443
0.406509
0.396656
0.362947
0.347177
0.35082
0.359101
0.382701
0.390052
0.399961
0.398908
0.378862
0.375227
0.367464
0.371083
0.369249
0.391096
0.419255
0.409104
0.416411
0.455001
0.426903
0.423589
0.393896
0.375538
0.37253
0.364942
0.410855
0.422193
0.377209
0.39322
0.412598
0.440116
0.448047
0.448715
0.432083
0.432124
0.428077
0.412451
0.420329
0.3944
0.383351
0.408988
0.427861
0.379144
0.386024
0.406881
0.433463
0.460888
0.467707
0.465707
0.469368
0.444829
0.44989
0.471988
0.551072
0.551625
0.563634
0.540456
0.513265
0.411914
0.457399
0.480778
0.50626
0.474886
0.429916
0.374209
0.390553
0.354079
0.347517
0.348981
0.373412
0.362118
0.350881
0.36945
0.365783
0.354429
0.358137
0.349302
0.353889
0.358235
0.375304
0.375173
0.373751
0.368635
0.357972
0.364729
0.36202
0.372501
0.388421
0.389564
0.408924
0.408067
0.410966
0.399641
0.399641
0.4105
0.415559
0.423278
0.420051
0.398303
0.40588
0.408871
0.416466
0.414351
0.435197
0.449734
0.391747
0.413003
0.397964
0.401106
0.397188
0.387495
0.408095
0.430829
0.412095
0.404821
0.383855
0.393834
0.392685
0.410149
0.384733
0.393364
0.397293
0.409142
0.394947
0.414862
0.47952
0.465091
0.45262
0.433194
0.387279
0.407251
0.468987
0.405964
0.37431
0.367708
0.384461
0.443313
0.433523
0.397424
0.375082
0.366503
0.362048
0.368242
0.388125
0.447597
0.442276
0.392436
0.423909
0.415897
0.430041
0.449602
0.440622
0.429788
0.43856
0.398819
0.418276
0.439398
0.442401
0.431097
0.493674
0.499193
0.485715
0.421576
0.398667
0.370595
0.358814
0.350076
0.364573
0.368606
0.357168
0.347862
0.366416
0.343255
0.350571
0.344175
0.346481
0.342857
0.347954
0.357451
0.381151
0.370521
0.37333
0.350165
0.35621
0.370061
0.379845
0.390286
0.382214
0.387269
0.375085
0.359168
0.371846
0.368251
0.379705
0.390987
0.381733
0.399398
0.436783
0.474417
0.464769
0.473513
0.521511
0.497968
0.477056
0.390252
0.378257
0.399807
0.415263
0.445192
0.399046
0.393715
0.39148
0.393141
0.373159
0.350268
0.357397
0.368352
0.357127
0.39333
0.391523
0.367142
0.358421
0.358471
0.359124
0.353947
0.350514
0.385007
0.397718
0.370765
0.369379
0.343409
0.347641
0.344898
0.353398
0.369623
0.370888
0.370455
0.36639
0.367445
0.374623
0.362178
0.357092
0.34919
0.349986
0.374887
0.404394
0.447899
0.46469
0.430088
0.446515
0.412353
0.415085
0.453079
0.464045
0.405267
0.376537
0.405825
0.409899
0.406856
0.411923
0.369053
0.368949
0.397421
0.411605
0.432538
0.447216
0.451791
0.420564
0.425163
0.398545
0.428906
0.414529
0.39277
0.372284
0.358598
0.359308
0.358467
0.369149
0.39176
0.423552
0.457709
0.46294
0.471363
0.483634
0.435707
0.446716
0.407166
0.429728
0.453309
0.48332
0.47818
0.420646
0.479147
0.520395
0.490454
0.454436
0.454658
0.485144
0.480455
0.417251
0.393039
0.387557
0.380537
0.376543
0.379061
0.395316
0.431194
0.447929
0.429725
0.409435
0.436128
0.469191
0.448595
0.447036
0.401582
0.364686
0.350234
0.355023
0.372919
0.368072
0.359869
0.382729
0.398046
0.395418
0.403189
0.418145
0.426924
0.430516
0.434157
0.474247
0.488813
0.474802
0.446279
0.376285
0.386276
0.413905
0.418515
0.427001
0.410748
0.455044
0.434439
0.414928
0.427282
0.428314
0.410735
0.381895
0.375525
0.381969
0.385367
0.421404
0.375951
0.37211
0.384571
0.386775
0.381705
0.424502
0.473308
0.44025
0.393341
0.369197
0.395685
0.430697
0.465618
0.441341
0.433272
0.40354
0.409767
0.417089
0.435432
0.402168
0.368965
0.361709
0.353667
0.37472
0.390717
0.393665
0.397242
0.408089
0.416826
0.387154
0.404482
0.411416
0.390213
0.398598
0.389465
0.386004
0.373331
0.359466
0.395708
0.417442
0.390199
0.373277
0.373319
0.39245
0.360304
0.37444
0.377835
0.395388
0.413629
0.399672
0.398491
0.378494
0.367923
0.380177
0.417975
0.387263
0.379044
0.383254
0.380312
0.397604
0.401295
0.40728
0.371421
0.357883
0.349353
0.352059
0.358829
0.341306
0.351651
0.354795
0.368933
0.407242
0.410745
0.394305
0.376239
0.347659
0.342205
0.351849
0.35497
0.354671
0.38304
0.400735
0.373962
0.353986
0.360484
0.358041
0.351248
0.376248
0.376201
0.372142
0.368154
0.380203
0.365121
0.381547
0.409772
0.404604
0.418588
0.393736
0.413305
0.388036
0.415955
0.432064
0.396161
0.360133
0.388609
0.424207
0.435918
0.407878
0.414406
0.43784
0.374327
0.36807
0.384743
0.361158
0.36501
0.368376
0.373872
0.376092
0.373434
0.371175
0.370989
0.360851
0.341095
0.342601
0.348168
0.347348
0.337129
0.342749
0.345021
0.343601
0.360963
0.359076
0.380664
0.394123
0.381218
0.40773
0.39145
0.379857
0.405835
0.38389
0.384444
0.379761
0.371738
0.432017
0.428066
0.418908
0.426411
0.411176
0.432692
0.394911
0.392016
0.411667
0.445395
0.388408
0.381807
0.412849
0.423754
0.401499
0.383946
0.411179
0.411789
0.466547
0.440673
0.419925
0.427229
0.416066
0.400648
0.368999
0.371576
0.384926
0.423931
0.443775
0.451569
0.482846
0.444419
0.517896
0.535889
0.566156
0.5194
0.569524
0.574805
0.512567
0.420175
0.415697
0.392967
0.4011
0.394523
0.368545
0.401454
0.412844
0.388293
0.391545
0.418594
0.399201
0.385376
0.373408
0.367515
0.347685
0.348759
0.352771
0.356127
0.343099
0.351989
0.364881
0.379861
0.385062
0.388119
0.400575
0.392627
0.402344
0.382787
0.389008
0.378756
0.417998
0.39784
0.388677
0.37297
0.376446
0.387458
0.361176
0.358189
0.382812
0.360648
0.346378
0.357412
0.365665
0.382534
0.404575
0.376754
0.356387
0.354415
0.350111
0.346827
0.348773
0.352467
0.375287
0.412417
0.440431
0.450017
0.45997
0.447425
0.433233
0.463119
0.419002
0.457199
0.394558
0.422585
0.400419
0.406424
0.382252
0.378346
0.406655
0.389435
0.354367
0.351778
0.368646
0.397966
0.390312
0.406715
0.414674
0.39368
0.399966
0.394171
0.382151
0.392161
0.369986
0.367909
0.409755
0.392224
0.388363
0.407451
0.404736
0.409723
0.41472
0.40001
0.409079
0.40845
0.447432
0.435769
0.423841
0.48351
0.413464
0.426411
0.413264
0.444834
0.433073
0.48348
0.452284
0.429509
0.434754
0.43164
0.437506
0.426023
0.443461
0.4589
0.441116
0.403369
0.389825
0.387671
0.386765
0.361497
0.35014
0.349097
0.355426
0.371085
0.418408
0.390188
0.384126
0.39637
0.439202
0.417107
0.411267
0.424646
0.42167
0.404129
0.377624
0.400642
0.413744
0.427521
0.459803
0.471071
0.454552
0.405485
0.377874
0.412288
0.416466
0.405357
0.378175
0.374737
0.386319
0.402057
0.439721
0.418382
0.455455
0.470754
0.413002
0.434785
0.42705
0.475926
0.436458
0.415893
0.468833
0.475211
0.481378
0.533371
0.505573
0.532738
0.494344
0.504917
0.502573
0.471801
0.468856
0.507057
0.561071
0.559967
0.531039
0.532085
0.557318
0.594416
0.590924
0.492123
0.45373
0.467954
0.462444
0.398244
0.407863
0.456842
0.422912
0.382914
0.394597
0.452191
0.454186
0.414075
0.437555
0.420044
0.387326
0.36333
0.360981
0.38052
0.406125
0.434132
0.45234
0.451839
0.439383
0.441357
0.426128
0.436081
0.383102
0.405656
0.398417
0.403634
0.401958
0.377588
0.359915
0.376357
0.383115
0.424823
0.387745
0.40734
0.409173
0.391433
0.414847
0.403482
0.383862
0.397671
0.402285
0.395755
0.396087
0.420041
0.429038
0.43347
0.427978
0.392545
0.415047
0.379864
0.415501
0.416844
0.395692
0.43079
0.42127
0.379512
0.381734
0.409264
0.389484
0.483972
0.43216
0.425037
0.432954
0.425604
0.440321
0.440664
0.460983
0.420922
0.392932
0.365358
0.365694
0.365288
0.37255
0.353296
0.353535
0.34443
0.342962
0.34533
0.349285
0.352106
0.358167
0.383534
0.383177
0.390987
0.389362
0.380964
0.37544
0.382497
0.388764
0.410252
0.392196
0.384397
0.355225
0.351836
0.354817
0.359366
0.36068
0.387164
0.421708
0.447861
0.48802
0.470791
0.482491
0.517444
0.487249
0.400461
0.415464
0.426852
0.395059
0.450316
0.420774
0.387197
0.416178
0.464761
0.4725
0.471155
0.512075
0.438109
0.397256
0.357456
0.376922
0.373737
0.368064
0.391684
0.41904
0.394553
0.393645
0.471695
0.443716
0.394899
0.38123
0.377146
0.398065
0.381715
0.383888
0.398497
0.395887
0.419733
0.422428
0.413167
0.400806
0.402769
0.411371
0.421076
0.447502
0.485783
0.451545
0.381737
0.418071
0.433902
0.475413
0.467178
0.457138
0.476455
0.450054
0.460272
0.425503
0.406766
0.381302
0.369432
0.397984
0.378826
0.370052
0.371276
0.380365
0.404151
0.428816
0.412523
0.399648
0.40906
0.409897
0.441091
0.422171
0.436755
0.405948
0.345847
0.412692
0.423448
0.421448
0.439185
0.394061
0.448858
0.473958
0.41251
0.420162
0.428426
0.443612
0.458893
0.425326
0.457987
0.486617
0.48903
0.44261
0.428902
0.428017
0.445882
0.432872
0.458898
0.439853
0.436825
0.466581
0.459446
0.485888
0.476814
0.528918
0.552155
0.541851
0.543938
0.578868
0.552446
0.524696
0.524975
0.44589
0.39725
0.3775
0.388545
0.447184
0.378245
0.412719
0.447909
0.440024
0.429466
0.392684
0.432185
0.449405
0.420417
0.434969
0.420273
0.403536
0.413091
0.392044
0.413298
0.397661
0.369959
0.440683
0.468527
0.416635
0.424586
0.445879
0.421734
0.403261
0.374218
0.366672
0.362216
0.363195
0.357973
0.354899
0.351039
0.348533
0.35999
0.363938
0.389322
0.394201
0.369332
0.361131
0.367254
0.379807
0.386453
0.360912
0.39838
0.42073
0.396417
0.427113
0.446194
0.402278
0.420944
0.428253
0.407715
0.369125
0.349404
0.351344
0.352898
0.365263
0.373125
0.363385
0.366133
0.368818
0.374287
0.394316
0.401278
0.457404
0.496296
0.473385
0.449222
0.465617
0.468488
0.45014
0.370435
0.392292
0.357942
0.363913
0.427535
0.448917
0.378284
0.401746
0.404956
0.387654
0.490004
0.53093
0.470905
0.444709
0.480361
0.538473
0.521719
0.523684
0.502593
0.485371
0.50623
0.477963
0.515488
0.517892
0.501437
0.513762
0.465613
0.483869
0.452529
0.445799
0.40741
0.443603
0.488003
0.441393
0.438477
0.447438
0.425712
0.423818
0.44002
0.398404
0.379311
0.363196
0.355868
0.359704
0.386714
0.400304
0.373987
0.366354
0.363078
0.390615
0.401276
0.405503
0.383387
0.37313
0.359373
0.368068
0.349694
0.353668
0.375521
0.390946
0.399379
0.408399
0.405164
0.414212
0.389809
0.388054
0.370402
0.361643
0.352993
0.354526
0.348199
0.349262
0.360968
0.382683
0.379268
0.390472
0.396678
0.360073
0.382677
0.35751
0.361549
0.351064
0.374459
0.360544
0.375209
0.413312
0.388618
0.387336
0.382654
0.396964
0.395559
0.41922
0.41945
0.428806
0.44007
0.444584
0.404601
0.421137
0.420325
0.444048
0.454071
0.473292
0.488485
0.444404
0.488164
0.501977
0.458562
0.455147
0.422345
0.391845
0.420554
0.441959
0.400724
0.38584
0.453431
0.429285
0.476089
0.451972
0.397429
0.379012
0.417623
0.413497
0.42554
0.450781
0.422486
0.439485
0.423823
0.411436
0.425216
0.430563
0.48216
0.460947
0.472725
0.398502
0.450306
0.460678
0.484519
0.491115
0.429888
0.422122
0.433717
0.446282
0.489103
0.481652
0.419674
0.427888
0.403741
0.380876
0.36745
0.402692
0.423258
0.429815
0.423604
0.400136
0.396369
0.373979
0.378999
0.375256
0.356222
0.354253
0.355582
0.366609
0.395219
0.380531
0.363436
0.360261
0.372812
0.376229
0.379041
0.358518
0.35754
0.386946
0.38973
0.393631
0.38786
0.392358
0.401219
0.360138
0.378393
0.385799
0.392835
0.416935
0.426134
0.41861
0.397669
0.364058
0.391083
0.36229
0.373788
0.366568
0.366892
0.357315
0.375338
0.397957
0.388139
0.3636
0.375192
0.36826
0.389606
0.382335
0.390457
0.392055
0.44522
0.417072
0.479379
0.469456
0.445059
0.433954
0.446213
0.500886
0.484511
0.474059
0.48042
0.412356
0.389942
0.473201
0.460242
0.483531
0.409405
0.376924
0.366319
0.353709
0.347763
0.351994
0.366214
0.367883
0.40921
0.379797
0.407556
0.403781
0.388302
0.398051
0.384431
0.389194
0.396391
0.400044
0.406979
0.397138
0.384084
0.375589
0.375605
0.380822
0.360342
0.353364
0.344777
0.355313
0.34739
0.373875
0.398275
0.3895
0.374588
0.353395
0.357279
0.349139
0.380352
0.367831
0.359882
0.345953
0.357919
0.36904
0.365248
0.356621
0.343304
0.345826
0.346615
0.350518
0.34367
0.35054
0.35522
0.36588
0.373551
0.388254
0.364054
0.353214
0.356257
0.376708
0.396155
0.40538
0.410796
0.416672
0.418602
0.409615
0.419511
0.379649
0.385989
0.390301
0.413351
0.378832
0.371252
0.404673
0.392816
0.406081
0.382448
0.399325
0.392512
0.422554
0.434507
0.407323
0.418052
0.42327
0.403889
0.446018
0.447508
0.45974
0.468105
0.466668
0.455163
0.478015
0.442001
0.438751
0.496856
0.474968
0.442792
0.431998
0.428281
0.40761
0.462524
0.466243
0.439801
0.423601
0.438829
0.44496
0.479336
0.467642
0.502443
0.454512
0.480026
0.461545
0.541006
0.480538
0.416858
0.404034
0.407056
0.417825
0.422822
0.456251
0.434739
0.441989
0.469396
0.492101
0.508433
0.56581
0.474933
0.398082
0.42269
0.42309
0.424248
0.418791
0.383154
0.407629
0.415402
0.440486
0.410932
0.414639
0.406483
0.434044
0.425746
0.425619
0.412708
0.419103
0.424711
0.421523
0.434895
0.392091
0.393038
0.396274
0.395916
0.382971
0.392341
0.351439
0.396265
0.387127
0.394385
0.365285
0.357151
0.366504
0.386342
0.38262
0.427644
0.407657
0.388902
0.392912
0.399287
0.394366
0.39826
0.421793
0.422308
0.41412
0.401411
0.381377
0.389246
0.39181
0.395035
0.405852
0.404984
0.394254
0.412915
0.422839
0.414786
0.394224
0.353695
0.357254
0.353278
0.340085
0.342534
0.339005
0.348111
0.342899
0.352923
0.368195
0.380627
0.371372
0.374489
0.354821
0.347696
0.33835
0.338985
0.347701
0.33993
0.343135
0.342669
0.353656
0.3481
0.349307
0.346987
0.345499
0.332572
0.343735
0.341213
0.341839
0.346603
0.343174
0.362893
0.377467
0.396752
0.377571
0.375781
0.37644
0.385375
0.362546
0.390866
0.374978
0.367944
0.376861
0.374645
0.378854
0.384116
0.354211
0.346874
0.345233
0.339493
0.341746
0.349867
0.347487
0.348694
0.349416
0.343944
0.344879
0.34131
0.342561
0.351132
0.338203
0.346585
0.350293
0.362571
0.370976
0.35833
0.355246
0.366106
0.363422
0.378809
0.402686
0.426037
0.383374
0.377083
0.400321
0.404846
0.448929
0.431404
0.430133
0.41794
0.426167
0.379291
0.367655
0.381725
0.39513
0.365827
0.355999
0.360318
0.357422
0.374037
0.400042
0.394039
0.373908
0.374246
0.379798
0.39694
0.417197
0.457532
0.450034
0.474906
0.475039
0.496256
0.504488
0.514855
0.398828
0.437719
0.426519
0.381826
0.444168
0.473886
0.455243
0.434584
0.386071
0.371595
0.357584
0.352905
0.342842
0.351719
0.359147
0.357279
0.371086
0.378077
0.400964
0.394421
0.385489
0.375742
0.385142
0.415923
0.424535
0.397665
0.389179
0.400586
0.36962
0.378218
0.376508
0.393124
0.370911
0.347542
0.346026
0.349087
0.346208
0.343659
0.343989
0.347962
0.373403
0.38285
0.363898
0.347426
0.343402
0.359922
0.35313
0.357014
0.403208
0.418174
0.401386
0.400737
0.406486
0.388764
0.399662
0.389084
0.404278
0.421468
0.406143
0.404785
0.405034
0.388637
0.398015
0.398086
0.394155
0.387419
0.382274
0.395123
0.416144
0.384269
0.367989
0.401563
0.41171
0.448444
0.433394
0.408672
0.386034
0.369962
0.431444
0.399188
0.468699
0.448532
0.435113
0.415145
0.402796
0.406633
0.439227
0.444843
0.445974
0.469487
0.447816
0.42595
0.456888
0.477469
0.450413
0.448503
0.398295
0.383794
0.382075
0.375281
0.373833
0.406887
0.374055
0.357299
0.351161
0.352698
0.36094
0.357965
0.378236
0.365299
0.358174
0.372469
0.395802
0.408568
0.409397
0.436756
0.434053
0.441894
0.455061
0.421969
0.473822
0.446539
0.470605
0.440394
0.454222
0.467299
0.446607
0.432388
0.428745
0.416176
0.410938
0.445079
0.496807
0.472876
0.513714
0.454509
0.470423
0.475352
0.497299
0.476627
0.532257
0.563239
0.554792
0.412917
0.402637
0.399594
0.392825
0.422477
0.441052
0.408352
0.409192
0.417354
0.440769
0.443511
0.422723
0.466291
0.423216
0.400975
0.414346
0.417922
0.394612
0.367471
0.364588
0.373658
0.374857
0.374667
0.390142
0.395984
0.398837
0.453642
0.476756
0.447835
0.469541
0.422953
0.440022
0.413904
0.43477
0.420855
0.376458
0.359276
0.384743
0.394286
0.390728
0.386239
0.371029
0.400416
0.415042
0.405957
0.426441
0.403416
0.383387
0.372682
0.361818
0.400847
0.397308
0.368891
0.389079
0.42476
0.412316
0.4006
0.426332
0.405785
0.412079
0.412447
0.392205
0.421808
0.437935
0.42228
0.432193
0.456368
0.457684
0.454924
0.46772
0.432108
0.418801
0.449488
0.437163
0.451522
0.480139
0.439443
0.412244
0.404723
0.434199
0.420826
0.457201
0.501732
0.494763
0.456177
0.417592
0.404176
0.481041
0.478108
0.475663
0.420059
0.425125
0.449532
0.423534
0.409924
0.440018
0.415668
0.425867
0.451971
0.425772
0.401133
0.383205
0.390077
0.449163
0.460266
0.467479
0.470954
0.445322
0.448764
0.41724
0.44078
0.446306
0.419564
0.388891
0.391396
0.378959
0.380035
0.410162
0.388143
0.372426
0.406509
0.439852
0.434103
0.421545
0.436986
0.466348
0.445691
0.564694
0.607723
0.554866
0.557247
0.520856
0.479469
0.519132
0.48764
0.443906
0.414109
0.410115
0.417217
0.407254
0.457214
0.448654
0.419115
0.453519
0.495943
0.470199
0.464695
0.429202
0.414958
0.43079
0.464963
0.454918
0.445527
0.443379
0.446977
0.440695
0.424795
0.442282
0.438499
0.454273
0.441303
0.437784
0.432966
0.4185
0.409393
0.456609
0.481373
0.491866
0.492086
0.513903
0.459107
0.410631
0.399947
0.381598
0.426609
0.43439
0.445473
0.485903
0.471343
0.443492
0.41125
0.391973
0.400396
0.40697
0.395493
0.445427
0.435514
0.4339
0.437689
0.458621
0.487931
0.495194
0.440572
0.380118
0.366622
0.369645
0.359193
0.359212
0.372197
0.365649
0.361125
0.364656
0.366965
0.386249
0.408012
0.443391
0.476623
0.501607
0.489939
0.474733
0.43932
0.461799
0.448335
0.438817
0.382255
0.449636
0.416114
0.423268
0.468593
0.422064
0.364289
0.369703
0.408463
0.431685
0.425361
0.432488
0.424497
0.410389
0.41734
0.480083
0.447936
0.42336
0.414056
0.440384
0.497361
0.495726
0.561322
0.490705
0.488655
0.491331
0.523816
0.570838
0.566838
0.517957
0.496185
0.522061
0.503668
0.489828
0.449716
0.48099
0.514763
0.458358
0.459502
0.46325
0.508258
0.504401
0.45864
0.471241
0.452015
0.435495
0.432248
0.429529
0.407157
0.414492
0.401095
0.399545
0.413368
0.407972
0.434735
0.467565
0.511977
0.518008
0.474706
0.437399
0.461448
0.413242
0.442934
0.486058
0.467831
0.41829
0.439374
0.435619
0.446704
0.424298
0.449115
0.434188
0.464817
0.439786
0.434088
0.478812
0.417051
0.472393
0.485754
0.478454
0.484218
0.400779
0.50129
0.490297
0.483432
0.490714
0.491882
0.50847
0.467845
0.437032
0.462563
0.435284
0.46555
0.489559
0.511117
0.46042
0.421302
0.380187
0.368097
0.352971
0.363058
0.371837
0.392104
0.403304
0.39828
0.448172
0.463326
0.461544
0.434733
0.422789
0.422848
0.392814
0.424938
0.410375
0.419249
0.449498
0.469624
0.442564
0.424271
0.405987
0.460148
0.438351
0.442196
0.386059
0.387178
0.379714
0.367924
0.376156
0.389884
0.462329
0.46264
0.50761
0.504493
0.512975
0.511474
0.509589
0.502921
0.507444
0.498746
0.505316
0.544852
0.531427
0.508389
0.551049
0.574103
0.554404
0.527497
0.424603
0.390133
0.361567
0.379608
0.409416
0.419686
0.382154
0.377663
0.394437
0.402521
0.396576
0.428598
0.402916
0.419715
0.422294
0.416505
0.434717
0.415191
0.411371
0.453695
0.420565
0.45256
0.397293
0.423087
0.404387
0.430637
0.431258
0.411598
0.405137
0.388822
0.388651
0.412181
0.377031
0.372128
0.367088
0.350944
0.346002
0.346869
0.354919
0.368176
0.409485
0.391776
0.362312
0.359605
0.356533
0.375757
0.404061
0.406651
0.429496
0.410325
0.46203
0.376516
0.370784
0.363847
0.371117
0.356684
0.353629
0.370518
0.379303
0.3709
0.360786
0.358839
0.368506
0.413517
0.425662
0.433927
0.449322
0.430637
0.437251
0.463945
0.464817
0.424737
0.435971
0.429173
0.411053
0.387435
0.377616
0.365303
0.368046
0.385006
0.381828
0.38317
0.384625
0.390913
0.403497
0.430316
0.436361
0.434434
0.425013
0.39271
0.355617
0.373386
0.410664
0.398428
0.416359
0.398323
0.385138
0.357482
0.345346
0.349978
0.341943
0.343588
0.356437
0.344042
0.362911
0.348978
0.37171
0.390404
0.37469
0.351211
0.350917
0.373255
0.363664
0.391737
0.436864
0.3933
0.430593
0.405705
0.449103
0.445317
0.403438
0.428864
0.483133
0.481401
0.489515
0.54439
0.59797
0.579805
0.532133
0.561451
0.546409
0.543339
0.52114
0.506956
0.468148
0.530162
0.500976
0.442351
0.505812
0.521681
0.484535
0.462314
0.516841
0.510256
0.478067
0.493632
0.484388
0.505189
0.529224
0.542206
0.537922
0.475205
0.405902
0.40843
0.413053
0.416639
0.396869
0.432166
0.436549
0.487571
0.456647
0.453395
0.43716
0.428367
0.439797
0.484713
0.489178
0.446618
0.476113
0.51582
0.459567
0.426136
0.455944
0.523866
0.494833
0.456047
0.497987
0.478436
0.534644
0.446839
0.434941
0.466466
0.527781
0.492237
0.499025
0.513806
0.490869
0.519984
0.536476
0.518349
0.494046
0.447281
0.441563
0.449166
0.500835
0.49231
0.515097
0.452155
0.445256
0.444879
0.496237
0.450676
0.463246
0.443311
0.456351
0.456394
0.460751
0.472616
0.432003
0.434034
0.427924
0.388789
0.374697
0.367926
0.376294
0.388048
0.39676
0.387092
0.409473
0.390218
0.380817
0.392376
0.387148
0.396773
0.390692
0.367551
0.382384
0.387948
0.40337
0.405403
0.409801
0.464446
0.422002
0.422835
0.440393
0.421561
0.418294
0.415034
0.40114
0.424861
0.447831
0.441449
0.43885
0.476456
0.400156
0.470115
0.484553
0.486655
0.476233
0.447727
0.448175
0.459496
0.488165
0.466785
0.468973
0.472367
0.4559
0.427377
0.394214
0.416408
0.446578
0.431165
0.426262
0.418399
0.445237
0.466293
0.471538
0.432206
0.454583
0.474998
0.447905
0.463163
0.473263
0.479563
0.460885
0.490427
0.475898
0.469967
0.45222
0.402977
0.412448
0.432846
0.39803
0.386158
0.376184
0.409051
0.468229
0.489719
0.488784
0.459741
0.460685
0.467533
0.428409
0.423513
0.470678
0.523835
0.564244
0.559981
0.583426
0.544915
0.414419
0.370553
0.379415
0.359875
0.352765
0.384716
0.387821
0.350978
0.354368
0.346918
0.349768
0.35755
0.34105
0.352648
0.349123
0.343867
0.356102
0.34919
0.357108
0.372975
0.399547
0.380717
0.366603
0.362311
0.373441
0.396351
0.386734
0.368772
0.376707
0.436751
0.438988
0.43166
0.445694
0.426009
0.443622
0.412616
0.413098
0.459197
0.440309
0.421716
0.418593
0.432827
0.427176
0.43438
0.40106
0.433625
0.488213
0.494575
0.505171
0.520944
0.522235
0.524827
0.508803
0.491351
0.408321
0.4705
0.479989
0.52502
0.529699
0.493706
0.453761
0.48583
0.504664
0.48362
0.481273
0.439524
0.455787
0.45526
0.48037
0.418247
0.423159
0.486869
0.456795
0.493167
0.473237
0.452581
0.452728
0.435803
0.433638
0.404977
0.451261
0.453218
0.482687
0.502375
0.543018
0.520728
0.489776
0.527252
0.430304
0.447384
0.494176
0.504473
0.507903
0.49713
0.500498
0.516624
0.492021
0.499625
0.530727
0.496195
0.4596
0.462463
0.529865
0.492981
0.533943
0.544944
0.48828
0.48567
0.462427
0.422111
0.417671
0.376058
0.374629
0.381305
0.396167
0.413136
0.389935
0.38632
0.399933
0.453318
0.443092
0.390152
0.391928
0.391156
0.392171
0.412709
0.41246
0.383635
0.380368
0.396032
0.398351
0.420838
0.413905
0.419933
0.414737
0.43468
0.429457
0.401034
0.377107
0.371881
0.403088
0.369794
0.39198
0.43031
0.405349
0.395243
0.363363
0.366451
0.360822
0.366021
0.366416
0.358268
0.364402
0.378611
0.394466
0.391867
0.36318
0.353115
0.364157
0.353978
0.35892
0.364832
0.371119
0.358814
0.369005
0.388767
0.387242
0.392272
0.415194
0.469867
0.485236
0.415515
0.418982
0.390937
0.380505
0.385012
0.398266
0.415693
0.38765
0.391877
0.416571
0.448891
0.434214
0.491296
0.431891
0.402638
0.398409
0.399982
0.43466
0.436909
0.430339
0.40412
0.39197
0.395725
0.382506
0.401296
0.395066
0.394016
0.396749
0.402182
0.382165
0.374514
0.389202
0.446815
0.465123
0.402345
0.408587
0.448334
0.448056
0.399087
0.392809
0.408107
0.386593
0.389739
0.387029
0.395811
0.380333
0.36806
0.36701
0.373547
0.371655
0.360409
0.357719
0.363202
0.360706
0.357971
0.370531
0.367064
0.367762
0.356928
0.360223
0.361321
0.354603
0.358096
0.361438
0.361938
0.36381
0.358341
0.357887
0.365016
0.373909
0.373461
0.375915
0.369155
0.358759
0.360155
0.390534
0.418622
0.401963
0.401526
0.403461
0.420283
0.388067
0.371824
0.372859
0.37429
0.391351
0.436481
0.386725
0.371958
0.399729
0.403043
0.395426
0.383455
0.392393
0.394262
0.370085
0.371317
0.352553
0.385046
0.408056
0.363405
0.374743
0.38539
0.414696
0.43547
0.433217
0.406575
0.36663
0.365574
0.371091
0.389635
0.408177
0.371995
0.365292
0.365381
0.357047
0.359109
0.352867
0.363956
0.387674
0.42696
0.441144
0.393598
0.392809
0.38738
0.399706
0.418493
0.398532
0.408275
0.417746
0.416443
0.412047
0.404583
0.389418
0.376979
0.392345
0.392153
0.396651
0.389506
0.381709
0.370102
0.370919
0.368132
0.363425
0.372704
0.382618
0.377496
0.368542
0.374904
0.38947
0.390632
0.424058
0.429429
0.437025
0.406786
0.416111
0.426988
0.500686
0.53506
0.434277
0.394414
0.362751
0.4086
0.399022
0.418573
0.412893
0.411553
0.380329
0.393177
0.384331
0.394264
0.376154
0.380179
0.391694
0.390645
0.393419
0.394975
